              min       max    range    median first_quartile third_quartile       IQR       mean          sd
Income     10.354   186.634   176.28   33.1155       21.00725       57.47075   36.4635   45.21889   35.244273
Limit     855.000 13913.000 13058.00 4622.5000     3088.00000     5872.75000 2784.7500 4735.60000 2308.198848
Rating     93.000   982.000   889.00  344.0000      247.25000      437.25000  190.0000  354.94000  154.724143
Cards       1.000     9.000     8.00    3.0000        2.00000        4.00000    2.0000    2.95750    1.371275
Age        23.000    98.000    75.00   56.0000       41.75000       70.00000   28.2500   55.66750   17.249807
Education   5.000    20.000    15.00   14.0000       11.00000       16.00000    5.0000   13.45000    3.125207
Balance     0.000  1999.000  1999.00  459.5000       68.75000      863.00000  794.2500  520.01500  459.758877









