Lasso Model
$lambda
  [1] 1.000000e+10 7.564633e+09 5.722368e+09 4.328761e+09 3.274549e+09
  [6] 2.477076e+09 1.873817e+09 1.417474e+09 1.072267e+09 8.111308e+08
 [11] 6.135907e+08 4.641589e+08 3.511192e+08 2.656088e+08 2.009233e+08
 [16] 1.519911e+08 1.149757e+08 8.697490e+07 6.579332e+07 4.977024e+07
 [21] 3.764936e+07 2.848036e+07 2.154435e+07 1.629751e+07 1.232847e+07
 [26] 9.326033e+06 7.054802e+06 5.336699e+06 4.037017e+06 3.053856e+06
 [31] 2.310130e+06 1.747528e+06 1.321941e+06 1.000000e+06 7.564633e+05
 [36] 5.722368e+05 4.328761e+05 3.274549e+05 2.477076e+05 1.873817e+05
 [41] 1.417474e+05 1.072267e+05 8.111308e+04 6.135907e+04 4.641589e+04
 [46] 3.511192e+04 2.656088e+04 2.009233e+04 1.519911e+04 1.149757e+04
 [51] 8.697490e+03 6.579332e+03 4.977024e+03 3.764936e+03 2.848036e+03
 [56] 2.154435e+03 1.629751e+03 1.232847e+03 9.326033e+02 7.054802e+02
 [61] 5.336699e+02 4.037017e+02 3.053856e+02 2.310130e+02 1.747528e+02
 [66] 1.321941e+02 1.000000e+02 7.564633e+01 5.722368e+01 4.328761e+01
 [71] 3.274549e+01 2.477076e+01 1.873817e+01 1.417474e+01 1.072267e+01
 [76] 8.111308e+00 6.135907e+00 4.641589e+00 3.511192e+00 2.656088e+00
 [81] 2.009233e+00 1.519911e+00 1.149757e+00 8.697490e-01 6.579332e-01
 [86] 4.977024e-01 3.764936e-01 2.848036e-01 2.154435e-01 1.629751e-01
 [91] 1.232847e-01 9.326033e-02 7.054802e-02 5.336699e-02 4.037017e-02
 [96] 3.053856e-02 2.310130e-02 1.747528e-02 1.321941e-02 1.000000e-02

$cvm
  [1] 1.02405282 1.02405282 1.02405282 1.02405282 1.02405282 1.02405282
  [7] 1.02405282 1.02405282 1.02405282 1.02405282 1.02405282 1.02405282
 [13] 1.02405282 1.02405282 1.02405282 1.02405282 1.02405282 1.02405282
 [19] 1.02405282 1.02405282 1.02405282 1.02405282 1.02405282 1.02405282
 [25] 1.02405282 1.02405282 1.02405282 1.02405282 1.02405282 1.02405282
 [31] 1.02405282 1.02405282 1.02405282 1.02405282 1.02405282 1.02405282
 [37] 1.02405282 1.02405282 1.02405282 1.02405282 1.02405282 1.02405282
 [43] 1.02405282 1.02405282 1.02405282 1.02405282 1.02405282 1.02405282
 [49] 1.02405282 1.02405282 1.02405282 1.02405282 1.02405282 1.02405282
 [55] 1.02405282 1.02405282 1.02405282 1.02405282 1.02405282 1.02405282
 [61] 1.02405282 1.02405282 1.02405282 1.02405282 1.02405282 1.02405282
 [67] 1.02405282 1.02405282 1.02405282 1.02405282 1.02405282 1.02405282
 [73] 1.02405282 1.02405282 1.02405282 1.02405282 1.02405282 1.02405282
 [79] 1.02405282 1.02405282 1.02405282 1.02405282 1.02405282 1.00132030
 [85] 0.72079225 0.53101338 0.42204475 0.35730222 0.29215998 0.25065366
 [91] 0.21637355 0.14438076 0.10274887 0.07839417 0.06392873 0.05553788
 [97] 0.05076295 0.04795491 0.04631297 0.04532033

$cvsd
  [1] 0.101618895 0.101618895 0.101618895 0.101618895 0.101618895 0.101618895
  [7] 0.101618895 0.101618895 0.101618895 0.101618895 0.101618895 0.101618895
 [13] 0.101618895 0.101618895 0.101618895 0.101618895 0.101618895 0.101618895
 [19] 0.101618895 0.101618895 0.101618895 0.101618895 0.101618895 0.101618895
 [25] 0.101618895 0.101618895 0.101618895 0.101618895 0.101618895 0.101618895
 [31] 0.101618895 0.101618895 0.101618895 0.101618895 0.101618895 0.101618895
 [37] 0.101618895 0.101618895 0.101618895 0.101618895 0.101618895 0.101618895
 [43] 0.101618895 0.101618895 0.101618895 0.101618895 0.101618895 0.101618895
 [49] 0.101618895 0.101618895 0.101618895 0.101618895 0.101618895 0.101618895
 [55] 0.101618895 0.101618895 0.101618895 0.101618895 0.101618895 0.101618895
 [61] 0.101618895 0.101618895 0.101618895 0.101618895 0.101618895 0.101618895
 [67] 0.101618895 0.101618895 0.101618895 0.101618895 0.101618895 0.101618895
 [73] 0.101618895 0.101618895 0.101618895 0.101618895 0.101618895 0.101618895
 [79] 0.101618895 0.101618895 0.101618895 0.101618895 0.101618895 0.105523195
 [85] 0.081393866 0.051890990 0.037754114 0.032128873 0.026320688 0.020945841
 [91] 0.019717470 0.012386102 0.007883345 0.005413942 0.004239906 0.003759272
 [97] 0.003591980 0.003517386 0.003520645 0.003494162

$cvup
  [1] 1.12567172 1.12567172 1.12567172 1.12567172 1.12567172 1.12567172
  [7] 1.12567172 1.12567172 1.12567172 1.12567172 1.12567172 1.12567172
 [13] 1.12567172 1.12567172 1.12567172 1.12567172 1.12567172 1.12567172
 [19] 1.12567172 1.12567172 1.12567172 1.12567172 1.12567172 1.12567172
 [25] 1.12567172 1.12567172 1.12567172 1.12567172 1.12567172 1.12567172
 [31] 1.12567172 1.12567172 1.12567172 1.12567172 1.12567172 1.12567172
 [37] 1.12567172 1.12567172 1.12567172 1.12567172 1.12567172 1.12567172
 [43] 1.12567172 1.12567172 1.12567172 1.12567172 1.12567172 1.12567172
 [49] 1.12567172 1.12567172 1.12567172 1.12567172 1.12567172 1.12567172
 [55] 1.12567172 1.12567172 1.12567172 1.12567172 1.12567172 1.12567172
 [61] 1.12567172 1.12567172 1.12567172 1.12567172 1.12567172 1.12567172
 [67] 1.12567172 1.12567172 1.12567172 1.12567172 1.12567172 1.12567172
 [73] 1.12567172 1.12567172 1.12567172 1.12567172 1.12567172 1.12567172
 [79] 1.12567172 1.12567172 1.12567172 1.12567172 1.12567172 1.10684350
 [85] 0.80218611 0.58290437 0.45979886 0.38943109 0.31848067 0.27159950
 [91] 0.23609102 0.15676686 0.11063222 0.08380811 0.06816864 0.05929715
 [97] 0.05435493 0.05147230 0.04983362 0.04881449

$cvlo
  [1] 0.92243393 0.92243393 0.92243393 0.92243393 0.92243393 0.92243393
  [7] 0.92243393 0.92243393 0.92243393 0.92243393 0.92243393 0.92243393
 [13] 0.92243393 0.92243393 0.92243393 0.92243393 0.92243393 0.92243393
 [19] 0.92243393 0.92243393 0.92243393 0.92243393 0.92243393 0.92243393
 [25] 0.92243393 0.92243393 0.92243393 0.92243393 0.92243393 0.92243393
 [31] 0.92243393 0.92243393 0.92243393 0.92243393 0.92243393 0.92243393
 [37] 0.92243393 0.92243393 0.92243393 0.92243393 0.92243393 0.92243393
 [43] 0.92243393 0.92243393 0.92243393 0.92243393 0.92243393 0.92243393
 [49] 0.92243393 0.92243393 0.92243393 0.92243393 0.92243393 0.92243393
 [55] 0.92243393 0.92243393 0.92243393 0.92243393 0.92243393 0.92243393
 [61] 0.92243393 0.92243393 0.92243393 0.92243393 0.92243393 0.92243393
 [67] 0.92243393 0.92243393 0.92243393 0.92243393 0.92243393 0.92243393
 [73] 0.92243393 0.92243393 0.92243393 0.92243393 0.92243393 0.92243393
 [79] 0.92243393 0.92243393 0.92243393 0.92243393 0.92243393 0.89579711
 [85] 0.63939838 0.47912239 0.38429063 0.32517335 0.26583929 0.22970782
 [91] 0.19665608 0.13199466 0.09486553 0.07298023 0.05968883 0.05177861
 [97] 0.04717097 0.04443752 0.04279233 0.04182616

$nzero
 s0  s1  s2  s3  s4  s5  s6  s7  s8  s9 s10 s11 s12 s13 s14 s15 s16 s17 s18 s19 
  0   0   0   0   0   0   0   0   0   0   0   0   0   0   0   0   0   0   0   0 
s20 s21 s22 s23 s24 s25 s26 s27 s28 s29 s30 s31 s32 s33 s34 s35 s36 s37 s38 s39 
  0   0   0   0   0   0   0   0   0   0   0   0   0   0   0   0   0   0   0   0 
s40 s41 s42 s43 s44 s45 s46 s47 s48 s49 s50 s51 s52 s53 s54 s55 s56 s57 s58 s59 
  0   0   0   0   0   0   0   0   0   0   0   0   0   0   0   0   0   0   0   0 
s60 s61 s62 s63 s64 s65 s66 s67 s68 s69 s70 s71 s72 s73 s74 s75 s76 s77 s78 s79 
  0   0   0   0   0   0   0   0   0   0   0   0   0   0   0   0   0   0   0   0 
s80 s81 s82 s83 s84 s85 s86 s87 s88 s89 s90 s91 s92 s93 s94 s95 s96 s97 s98 s99 
  0   0   0   2   2   2   2   3   3   3   4   4   4   5   5   6   6   7   7   7 

$name
                 mse 
"Mean-Squared Error" 

$glmnet.fit

Call:  glmnet(x = as.matrix(predictors[train_set, ]), y = response[train_set],      lambda = grid, intercept = FALSE, standardize = FALSE) 

       Df     %Dev    Lambda
  [1,]  0 0.000000 1.000e+10
  [2,]  0 0.000000 7.565e+09
  [3,]  0 0.000000 5.722e+09
  [4,]  0 0.000000 4.329e+09
  [5,]  0 0.000000 3.275e+09
  [6,]  0 0.000000 2.477e+09
  [7,]  0 0.000000 1.874e+09
  [8,]  0 0.000000 1.417e+09
  [9,]  0 0.000000 1.072e+09
 [10,]  0 0.000000 8.111e+08
 [11,]  0 0.000000 6.136e+08
 [12,]  0 0.000000 4.642e+08
 [13,]  0 0.000000 3.511e+08
 [14,]  0 0.000000 2.656e+08
 [15,]  0 0.000000 2.009e+08
 [16,]  0 0.000000 1.520e+08
 [17,]  0 0.000000 1.150e+08
 [18,]  0 0.000000 8.697e+07
 [19,]  0 0.000000 6.579e+07
 [20,]  0 0.000000 4.977e+07
 [21,]  0 0.000000 3.765e+07
 [22,]  0 0.000000 2.848e+07
 [23,]  0 0.000000 2.154e+07
 [24,]  0 0.000000 1.630e+07
 [25,]  0 0.000000 1.233e+07
 [26,]  0 0.000000 9.326e+06
 [27,]  0 0.000000 7.055e+06
 [28,]  0 0.000000 5.337e+06
 [29,]  0 0.000000 4.037e+06
 [30,]  0 0.000000 3.054e+06
 [31,]  0 0.000000 2.310e+06
 [32,]  0 0.000000 1.748e+06
 [33,]  0 0.000000 1.322e+06
 [34,]  0 0.000000 1.000e+06
 [35,]  0 0.000000 7.565e+05
 [36,]  0 0.000000 5.722e+05
 [37,]  0 0.000000 4.329e+05
 [38,]  0 0.000000 3.275e+05
 [39,]  0 0.000000 2.477e+05
 [40,]  0 0.000000 1.874e+05
 [41,]  0 0.000000 1.417e+05
 [42,]  0 0.000000 1.072e+05
 [43,]  0 0.000000 8.111e+04
 [44,]  0 0.000000 6.136e+04
 [45,]  0 0.000000 4.642e+04
 [46,]  0 0.000000 3.511e+04
 [47,]  0 0.000000 2.656e+04
 [48,]  0 0.000000 2.009e+04
 [49,]  0 0.000000 1.520e+04
 [50,]  0 0.000000 1.150e+04
 [51,]  0 0.000000 8.697e+03
 [52,]  0 0.000000 6.579e+03
 [53,]  0 0.000000 4.977e+03
 [54,]  0 0.000000 3.765e+03
 [55,]  0 0.000000 2.848e+03
 [56,]  0 0.000000 2.154e+03
 [57,]  0 0.000000 1.630e+03
 [58,]  0 0.000000 1.233e+03
 [59,]  0 0.000000 9.326e+02
 [60,]  0 0.000000 7.055e+02
 [61,]  0 0.000000 5.337e+02
 [62,]  0 0.000000 4.037e+02
 [63,]  0 0.000000 3.054e+02
 [64,]  0 0.000000 2.310e+02
 [65,]  0 0.000000 1.748e+02
 [66,]  0 0.000000 1.322e+02
 [67,]  0 0.000000 1.000e+02
 [68,]  0 0.000000 7.565e+01
 [69,]  0 0.000000 5.722e+01
 [70,]  0 0.000000 4.329e+01
 [71,]  0 0.000000 3.275e+01
 [72,]  0 0.000000 2.477e+01
 [73,]  0 0.000000 1.874e+01
 [74,]  0 0.000000 1.417e+01
 [75,]  0 0.000000 1.072e+01
 [76,]  0 0.000000 8.111e+00
 [77,]  0 0.000000 6.136e+00
 [78,]  0 0.000000 4.642e+00
 [79,]  0 0.000000 3.511e+00
 [80,]  0 0.000000 2.656e+00
 [81,]  0 0.000000 2.009e+00
 [82,]  0 0.000000 1.520e+00
 [83,]  0 0.000000 1.150e+00
 [84,]  2 0.005692 8.697e-01
 [85,]  2 0.317000 6.579e-01
 [86,]  2 0.495200 4.977e-01
 [87,]  2 0.597100 3.765e-01
 [88,]  3 0.656400 2.848e-01
 [89,]  3 0.723600 2.154e-01
 [90,]  3 0.762100 1.630e-01
 [91,]  4 0.796500 1.233e-01
 [92,]  4 0.864700 9.326e-02
 [93,]  4 0.903700 7.055e-02
 [94,]  5 0.926500 5.337e-02
 [95,]  5 0.940000 4.037e-02
 [96,]  6 0.948000 3.054e-02
 [97,]  6 0.952800 2.310e-02
 [98,]  7 0.955700 1.748e-02
 [99,]  7 0.957400 1.322e-02
[100,]  7 0.958400 1.000e-02

$lambda.min
[1] 0.01

$lambda.1se
[1] 0.01747528

attr(,"class")
[1] "cv.glmnet"

Best Lambda
[1] 0.01

Lasso Test MSE
[1] 0.0541437
